0.5 -1.1034263740 -0.5493228411 -0.4766498111 -0.4761058108 -0.4754815269 -0.4517066389 -0.4512595793 -0.4508872360
0.6 -1.1553200298 -0.6343831762 -0.5645731741 -0.5639695739 -0.5636778588 -0.5398213233 -0.5393645498 -0.5391308673
0.7 -1.1725360383 -0.6800903649 -0.6134111584 -0.6122011354 -0.6117127896 -0.5884847962 -0.5877087729 -0.5876365075
0.8 -1.1718567088 -0.7038313583 -0.6400380939 -0.6384490414 -0.6372689174 -0.6149485012 -0.6140178404 -0.6136369576
0.9 -1.1618298300 -0.7147334373 -0.6536117647 -0.6515667540 -0.6497805248 -0.6283352997 -0.6272023690 -0.6265392483
1.0 -1.1472010125 -0.7179522901 -0.6593111918 -0.6567095389 -0.6544051694 -0.6338094299 -0.6324167405 -0.6315050383
1.1 -1.1305768004 -0.7165312790 -0.6602326205 -0.6569272153 -0.6541929631 -0.6344504195 -0.6327098289 -0.6315850174
1.2 -1.1135967167 -0.7123800137 -0.6583509503 -0.6540949954 -0.6510350497 -0.6322099054 -0.6299558656 -0.6286609355
1.3 -1.0971496010 -0.7067376680 -0.6551069087 -0.6494047174 -0.6461518552 -0.6285128465 -0.6253456764 -0.6239362235
1.4 -1.0818080462 -0.7005135949 -0.6520284900 -0.6436317022 -0.6404103768 -0.6250608667 -0.6196535411 -0.6182331306
1.5 -1.0678815870 -0.6945639113 -0.6519932158 -0.6372886572 -0.6346382880 -0.6247113837 -0.6133910905 -0.6122979099
1.6 -1.0555374470 -0.6902410564 -0.6575602510 -0.6307180974 -0.6298006471 -0.6232884392 -0.6068997340 -0.6067831476
1.7 -1.0448298455 -0.6902130817 -0.6625294828 -0.6252429260 -0.6241502511 -0.6181601331 -0.6011034495 -0.6004085741
1.8 -1.0357284196 -0.6953229984 -0.6617875745 -0.6203349217 -0.6177400781 -0.6121934727 -0.5953347983 -0.5940714321
1.9 -1.0281447235 -0.7017919246 -0.6579375149 -0.6153866980 -0.6115909168 -0.6062817177 -0.5897144265 -0.5879905086
2.0 -1.0219302677 -0.7071995658 -0.6533177330 -0.6106346473 -0.6057699682 -0.6006610405 -0.5843703169 -0.5822318949
2.1 -1.0169229245 -0.7109766322 -0.6487556525 -0.6062035537 -0.6003181616 -0.5954246261 -0.5793735178 -0.5768354299
2.2 -1.0129516945 -0.7131882854 -0.6445495211 -0.6021561049 -0.5952585864 -0.5906154006 -0.5747582637 -0.5718231948
2.3 -1.0098422773 -0.7140369352 -0.6408104028 -0.5985206755 -0.5906005316 -0.5862479534 -0.5705441115 -0.5672035453
2.4 -1.0074342745 -0.7137659986 -0.6375739866 -0.5953032836 -0.5863434637 -0.5823205783 -0.5667385265 -0.5629751348
2.5 -1.0055868181 -0.7126096392 -0.6348356336 -0.5924968001 -0.5824794352 -0.5788200544 -0.5633460486 -0.5591293570
2.6 -1.0041797430 -0.7107688355 -0.6325647499 -0.5900867970 -0.5789949708 -0.5757247324 -0.5603775656 -0.5556522795
2.7 -1.0031143375 -0.7084161516 -0.6307160250 -0.5880560602 -0.5758725171 -0.5730074113 -0.5578637912 -0.5525261340
2.8 -1.0023115092 -0.7056938959 -0.6292354630 -0.5863909706 -0.5730915844 -0.5706374366 -0.5558746137 -0.5497304912
2.9 -1.0017085039 -0.7027112931 -0.6280663852 -0.5850801918 -0.5706296489 -0.5685821035 -0.5545126473 -0.5485952039
3.0 -1.0012567405 -0.6995581809 -0.6271547731 -0.5841161101 -0.5684629013 -0.5668079627 -0.5538174113 -0.5472902839
3.1 -1.0009188518 -0.6963037404 -0.6264515779 -0.5834916735 -0.5665668770 -0.5652816268 -0.5536485460 -0.5460795087
3.2 -1.0006663906 -0.6930013351 -0.6259143340 -0.5831972533 -0.5649169823 -0.5639706334 -0.5537751864 -0.5449251324
3.3 -1.0004778463 -0.6896916685 -0.6255075076 -0.5832174222 -0.5634889423 -0.5628443320 -0.5540218380 -0.5438657920
3.4 -1.0003370330 -0.6864054251 -0.6252021197 -0.5835289235 -0.5622591837 -0.5618747531 -0.5542922680 -0.5429340147
3.5 -1.0002318166 -0.6831655179 -0.6249749970 -0.5841005343 -0.5612051638 -0.5610373202 -0.5545417408 -0.5421442670
3.6 -1.0001530999 -0.6799885433 -0.6248078464 -0.5848946517 -0.5603111212 -0.5603056422 -0.5547531505 -0.5414975861
3.7 -1.0000941049 -0.6768865522 -0.6246864332 -0.5858702823 -0.5596789984 -0.5595409001 -0.5549236325 -0.5409859148
3.8 -1.0000497700 -0.6738678480 -0.6245997471 -0.5869859656 -0.5591270744 -0.5588928938 -0.5550567462 -0.5405948614
3.9 -1.0000163326 -0.6709383493 -0.6245393507 -0.5882022353 -0.5586442708 -0.5583453310 -0.5551585022 -0.5403060658
4.0 -0.9999909970 -0.6681011338 -0.6244987837 -0.5894832142 -0.5582216053 -0.5578836986 -0.5552351332 -0.5400994639
4.1 -0.9999716976 -0.6653592642 -0.6244731383 -0.5907981251 -0.5578517538 -0.5574952154 -0.5552922696 -0.5399557243
4.2 -0.9999569056 -0.6627128260 -0.6244586570 -0.5921202423 -0.5575284993 -0.5571687424 -0.5553345154 -0.5398575502
4.3 -0.9999454970 -0.6601631365 -0.6244524908 -0.5934280804 -0.5572465508 -0.5568946618 -0.5553655639 -0.5397910250
4.4 -0.9999366374 -0.6577094379 -0.6244524433 -0.5947037889 -0.5570011839 -0.5566647239 -0.5553882122 -0.5397454377
4.5 -0.9999297086 -0.6553511794 -0.6244568358 -0.5959332761 -0.5567881887 -0.5564718988 -0.5554045931 -0.5397132486
4.6 -0.9999242495 -0.6530876465 -0.6244643827 -0.5971054880 -0.5566037630 -0.5563102250 -0.5554163094 -0.5396895361
4.7 -0.9999199144 -0.6509180830 -0.6244741031 -0.5982118747 -0.5564444622 -0.5561746645 -0.5554245627 -0.5396714364
4.8 -0.9999164426 -0.6488417883 -0.6244852543 -0.5992459029 -0.5563071686 -0.5560609723 -0.5554302537 -0.5396576237
4.9 -0.9999136373 -0.6468587960 -0.6244972820 -0.6002030921 -0.5561890811 -0.5559655803 -0.5554340632 -0.5396479642
5.0 -0.9999113491 -0.6449674987 -0.6245097708 -0.6010787935 -0.5560876593 -0.5558854941 -0.5554364943 -0.5396427935
5.1 -0.9999094652 -0.6431683724 -0.6245224228 -0.6018706324 -0.5560006683 -0.5558182048 -0.5554379368 -0.5396432206
5.2 -0.9999079000 -0.6414615173 -0.6245350220 -0.6025764406 -0.5559261196 -0.5557616120 -0.5554386825 -0.5396505653
5.3 -0.9999065885 -0.6398472819 -0.6245474144 -0.6031945178 -0.5558622633 -0.5557139598 -0.5554389514 -0.5396663202
5.4 -0.9999054813 -0.6383262334 -0.6245594908 -0.6037235041 -0.5558075693 -0.5556737805 -0.5554389085 -0.5396920616
5.5 -0.9999045400 -0.6368990952 -0.6245711742 -0.6041623133 -0.5557607065 -0.5556398488 -0.5554386755 -0.5397293835
5.6 -0.9999037350 -0.6355666457 -0.6245824095 -0.6045101296 -0.5557205232 -0.5556111423 -0.5554383407 -0.5397798545
5.7 -0.9999030426 -0.6343295763 -0.6245931576 -0.6047664670 -0.5556860273 -0.5555868069 -0.5554379660 -0.5398449761
5.8 -0.9999024745 -0.6331858501 -0.6246034041 -0.6049264481 -0.5556564136 -0.5555661419 -0.5554376730 -0.5399373574
5.9 -0.9999019557 -0.6321405906 -0.6246131051 -0.6050001991 -0.5556308959 -0.5555485350 -0.5554373849 -0.5400371095
6.0 -0.9999015019 -0.6311903448 -0.6246222571 -0.6049843312 -0.5556088829 -0.5555335016 -0.5554371498 -0.5401553898
6.1 -0.9999011020 -0.6303334247 -0.6246308506 -0.6048811021 -0.5555898455 -0.5555206291 -0.5554369676 -0.5402930861
6.2 -0.9999007480 -0.6295671576 -0.6246388801 -0.6046938571 -0.5555733401 -0.5555095749 -0.5554368338 -0.5404508687
6.3 -0.9999004328 -0.6288877639 -0.6246463417 -0.6044270245 -0.5555589906 -0.5555000529 -0.5554367387 -0.5406291414
6.4 -0.9999001509 -0.6282904276 -0.6246532324 -0.6040860561 -0.5555464788 -0.5554918250 -0.5554366709 -0.5408280242
6.5 -0.9998998976 -0.6277694507 -0.6246595494 -0.6036772614 -0.5555355364 -0.5554846921 -0.5554366171 -0.5410473441
6.6 -0.9998996693 -0.6273184883 -0.6246652892 -0.6032075642 -0.5555259367 -0.5554784878 -0.5554365642 -0.5412866217
6.7 -0.9998994631 -0.6269308155 -0.6246704478 -0.6026841951 -0.5555174878 -0.5554730737 -0.5554364995 -0.5415450827
6.8 -0.9998992765 -0.6265996443 -0.6246750219 -0.6021145116 -0.5555100300 -0.5554683332 -0.5554364124 -0.5418216839
6.9 -0.9998991076 -0.6263183084 -0.6246790084 -0.6015055942 -0.5555034261 -0.5554641690 -0.5554362938 -0.5421151199
7.0 -0.9998989547 -0.6260804978 -0.6246824073 -0.6008641555 -0.5554975609 -0.5554604979 -0.5554361377 -0.5424238744
7.1 -0.9998988164 -0.6258803791 -0.6246852240 -0.6001963811 -0.5554923368 -0.5554572503 -0.5554359405 -0.5427462600
7.2 -0.9998986913 -0.6257126677 -0.6246874722 -0.5995078539 -0.5554876714 -0.5554543693 -0.5554357015 -0.5430804654
7.3 -0.9998985783 -0.6255726370 -0.6246891765 -0.5988030862 -0.5554834949 -0.5554518045 -0.5554354231 -0.5434245382
7.4 -0.9998984762 -0.6254561733 -0.6246903803 -0.5980872965 -0.5554797494 -0.5554495146 -0.5554351095 -0.5437766906
7.5 -0.9998983840 -0.6253596367 -0.6246911425 -0.5973637909 -0.5554763844 -0.5554474620 -0.5554347662 -0.5441349552
7.6 -0.9998983007 -0.6252798867 -0.6246915430 -0.5966357794 -0.5554733584 -0.5554456177 -0.5554343996 -0.5444974788
7.7 -0.9998982254 -0.6252142118 -0.6246916808 -0.5959059885 -0.5554706365 -0.5554439551 -0.5554340179 -0.5448624898
7.8 -0.9998981571 -0.6251602786 -0.6246916699 -0.5951767182 -0.5554681895 -0.5554424525 -0.5554336265 -0.5452283211
7.9 -0.9998980952 -0.6251160883 -0.6246916318 -0.5944498958 -0.5554659929 -0.5554410897 -0.5554332312 -0.5455934277
8.0 -0.9998980389 -0.6250799370 -0.6246916860 -0.5937271266 -0.5554640262 -0.5554398508 -0.5554328363 -0.5459563985
9.2 -0.9998976375 -0.6249292461 -0.6247171670 -0.5856752292 -0.5554532271 -0.5554309540 -0.5554279123 -0.5498118532
9.6 -0.9998975688 -0.6249189767 -0.6247326769 -0.5833030320 -0.5554523740 -0.5554293878 -0.5554260121 -0.5508133126
10.0 -0.9998975160 -0.6249133509 -0.6247482985 -0.5810881778 -0.5554515375 -0.5554281892 -0.5554241252 -0.5516671946
10.3 -0.9998974830 -0.6249107611 -0.6247594740 -0.5795253785 -0.5554507090 -0.5554274696 -0.5554227809 -0.5522174103
10.4 -0.9998974729 -0.6249100980 -0.6247630510 -0.5790223868 -0.5554503883 -0.5554272575 -0.5554223507 -0.5523848185
10.5 -0.9998974632 -0.6249095122 -0.6247665459 -0.5785280712 -0.5554500472 -0.5554270575 -0.5554219300 -0.5525446288
10.8 -0.9998974358 -0.6249081207 -0.6247765131 -0.5770956606 -0.5554489261 -0.5554265227 -0.5554207262 -0.5529809547
11.2 -0.9998974029 -0.6249068617 -0.6247885652 -0.5752976345 -0.5554473228 -0.5554259363 -0.5554192519 -0.5534713867
11.3 -0.9998973952 -0.6249066210 -0.6247913604 -0.5748670365 -0.5554469262 -0.5554258086 -0.5554189048 -0.5535793013
11.4 -0.9998973878 -0.6249064029 -0.6247940714 -0.5744436901 -0.5554465385 -0.5554256881 -0.5554185654 -0.5536818060
11.5 -0.9998973805 -0.6249062047 -0.6247967000 -0.5740274278 -0.5554461635 -0.5554255734 -0.5554182333 -0.5537791265
11.7 -0.9998973667 -0.6249058593 -0.6248017187 -0.5732156393 -0.5554454637 -0.5554253606 -0.5554175893 -0.5539590852
11.8 -0.9998973601 -0.6249057081 -0.6248041135 -0.5728198059 -0.5554451448 -0.5554252626 -0.5554172763 -0.5540421451
11.9 -0.9998973537 -0.6249055690 -0.6248064351 -0.5724304902 -0.5554448495 -0.5554251695 -0.5554169685 -0.5541208624
12.0 -0.9998973475 -0.6249054407 -0.6248086861 -0.5720475533 -0.5554445811 -0.5554250811 -0.5554166664 -0.5541954333
12.1 -0.9998973416 -0.6249053218 -0.6248108690 -0.5716708593 -0.5554443398 -0.5554249970 -0.5554163688 -0.5542660458
12.2 -0.9998973358 -0.6249052112 -0.6248129861 -0.5713002748 -0.5554441267 -0.5554249172 -0.5554160751 -0.5543328825
12.3 -0.9998973303 -0.6249051080 -0.6248150399 -0.5709356693 -0.5554439433 -0.5554248415 -0.5554157862 -0.5543961205
12.4 -0.9998973250 -0.6249050112 -0.6248170329 -0.5705769151 -0.5554437895 -0.5554247692 -0.5554155019 -0.5544559298
12.5 -0.9998973200 -0.6249049202 -0.6248189671 -0.5702234539 -0.5554436641 -0.5554247005 -0.5554152212 -0.5545124504
12.6 -0.9998973151 -0.6249048342 -0.6248208449 -0.5698760300 -0.5554435663 -0.5554246354 -0.5554149446 -0.5545658874
12.7 -0.9998973104 -0.6249047526 -0.6248226683 -0.5695340907 -0.5554434942 -0.5554245734 -0.5554146717 -0.5546163683
12.8 -0.9998973059 -0.6249046750 -0.6248244393 -0.5691975191 -0.5554434468 -0.5554245144 -0.5554144036 -0.5546640396
12.9 -0.9998973017 -0.6249046009 -0.6248261596 -0.5688662009 -0.5554434218 -0.5554244579 -0.5554141399 -0.5547090409
13.0 -0.9998972976 -0.6249045298 -0.6248278312 -0.5685400246 -0.5554434147 -0.5554244045 -0.5554138808 -0.5547515064
13.1 -0.9998972936 -0.6249044615 -0.6248294557 -0.5682188811 -0.5554434241 -0.5554243535 -0.5554136267 -0.5547915650
13.2 -0.9998972899 -0.6249043957 -0.6248310346 -0.5679026638 -0.5554434468 -0.5554243051 -0.5554133780 -0.5548293396
13.4 -0.9998972829 -0.6249042708 -0.6248340618 -0.5672845945 -0.5554435155 -0.5554242146 -0.5554128960 -0.5548985049
13.5 -0.9998972796 -0.6249042113 -0.6248355128 -0.5669825415 -0.5554435548 -0.5554241732 -0.5554126638 -0.5549301158
13.6 -0.9998972765 -0.6249041537 -0.6248369239 -0.5666850131 -0.5554435934 -0.5554241331 -0.5554124376 -0.5549598845
13.7 -0.9998972735 -0.6249040978 -0.6248382962 -0.5663919148 -0.5554436277 -0.5554240949 -0.5554122177 -0.5549879091
13.8 -0.9998972706 -0.6249040436 -0.6248396310 -0.5661031546 -0.5554436550 -0.5554240582 -0.5554120045 -0.5550142835
13.9 -0.9998972679 -0.6249039909 -0.6248409294 -0.5658186417 -0.5554436714 -0.5554240237 -0.5554117973 -0.5550390963
14.0 -0.9998972653 -0.6249039399 -0.6248421924 -0.5655382889 -0.5554436755 -0.5554239900 -0.5554115971 -0.5550624330
14.1 -0.9998972627 -0.6249038903 -0.6248434212 -0.5652620103 -0.5554436646 -0.5554239582 -0.5554114037 -0.5550843741
14.2 -0.9998972603 -0.6249038423 -0.6248446168 -0.5649897222 -0.5554436371 -0.5554239279 -0.5554112173 -0.5551049965
14.3 -0.9998972580 -0.6249037958 -0.6248457802 -0.5647213434 -0.5554435916 -0.5554238988 -0.5554110383 -0.5551243734
14.4 -0.9998972558 -0.6249037507 -0.6248469124 -0.5644572397 -0.5554435264 -0.5554238711 -0.5554108661 -0.5551425872
14.5 -0.9998972536 -0.6249037071 -0.6248480143 -0.5641964418 -0.5554434415 -0.5554238442 -0.5554107015 -0.5551596760
14.6 -0.9998972516 -0.6249036650 -0.6248490870 -0.5639393196 -0.5554433360 -0.5554238189 -0.5554105443 -0.5551757161
14.7 -0.9998972496 -0.6249036243 -0.6248501312 -0.5636857994 -0.5554432103 -0.5554237942 -0.5554103946 -0.5551907666
14.8 -0.9998972477 -0.6249035849 -0.6248511479 -0.5634358091 -0.5554430645 -0.5554237709 -0.5554102527 -0.5552048832
14.9 -0.9998972459 -0.6249035470 -0.6248521380 -0.5631892781 -0.5554428992 -0.5554237484 -0.5554101184 -0.5552181182
15.0 -0.9998972441 -0.6249035105 -0.6248531023 -0.5629461386 -0.5554427155 -0.5554237268 -0.5554099925 -0.5552305223
15.1 -0.9998972424 -0.6249034752 -0.6248540416 -0.5627063234 -0.5554425145 -0.5554237059 -0.5554098749 -0.5552421422
15.2 -0.9998972408 -0.6249034413 -0.6248549568 -0.5624697677 -0.5554422981 -0.5554236858 -0.5554097662 -0.5552530226
15.3 -0.9998972392 -0.6249034087 -0.6248558485 -0.5622364075 -0.5554420668 -0.5554236667 -0.5554096659 -0.5552632046
15.4 -0.9998972376 -0.6249033773 -0.6248567177 -0.5620061812 -0.5554418225 -0.5554236481 -0.5554095744 -0.5552727278
15.5 -0.9998972362 -0.6249033471 -0.6248575648 -0.5617790286 -0.5554415676 -0.5554236303 -0.5554094927 -0.5552816295
15.6 -0.9998972347 -0.6249033180 -0.6248583908 -0.5615548911 -0.5554413031 -0.5554236134 -0.5554094204 -0.5552899440
15.7 -0.9998972333 -0.6249032901 -0.6248591962 -0.5613337114 -0.5554410311 -0.5554235966 -0.5554093581 -0.5552977041
15.8 -0.9998972320 -0.6249032632 -0.6248599817 -0.5611154229 -0.5554407534 -0.5554235806 -0.5554093062 -0.5553049399
15.9 -0.9998972307 -0.6249032374 -0.6248607479 -0.5608999938 -0.5554404716 -0.5554235651 -0.5554092645 -0.5553116804
16.1 -0.9998972282 -0.6249031887 -0.6248622249 -0.5604774716 -0.5554399027 -0.5554235357 -0.5554092157 -0.5553237791
16.2 -0.9998972270 -0.6249031657 -0.6248629367 -0.5602702780 -0.5554396182 -0.5554235220 -0.5554092089 -0.5553291848
16.3 -0.9998972259 -0.6249031435 -0.6248636316 -0.5600657313 -0.5554393362 -0.5554235084 -0.5554092141 -0.5553341901
16.4 -0.9998972248 -0.6249031222 -0.6248643098 -0.5598637854 -0.5554390579 -0.5554234955 -0.5554092315 -0.5553388144
16.5 -0.9998972237 -0.6249031017 -0.6248649721 -0.5596643950 -0.5554387837 -0.5554234827 -0.5554092617 -0.5553430758
16.6 -0.9998972226 -0.6249030819 -0.6248656188 -0.5594675173 -0.5554385150 -0.5554234705 -0.5554093037 -0.5553469901
16.7 -0.9998972216 -0.6249030628 -0.6248662503 -0.5592731106 -0.5554382526 -0.5554234585 -0.5554093575 -0.5553505723
16.8 -0.9998972206 -0.6249030444 -0.6248668672 -0.5590811357 -0.5554379972 -0.5554234470 -0.5554094226 -0.5553538355
16.9 -0.9998972196 -0.6249030267 -0.6248674697 -0.5588915544 -0.5554377495 -0.5554234359 -0.5554094978 -0.5553567906
17.0 -0.9998972186 -0.6249030096 -0.6248680584 -0.5587043316 -0.5554375098 -0.5554234247 -0.5554095818 -0.5553594474
17.1 -0.9998972177 -0.6249029931 -0.6248686336 -0.5585194346 -0.5554372785 -0.5554234142 -0.5554096723 -0.5553618140
17.2 -0.9998972168 -0.6249029771 -0.6248691956 -0.5583368333 -0.5554370558 -0.5554234043 -0.5554097669 -0.5553638957
17.3 -0.9998972159 -0.6249029617 -0.6248697449 -0.5581565013 -0.5554368417 -0.5554233941 -0.5554098619 -0.5553656954
17.4 -0.9998972150 -0.6249029468 -0.6248702817 -0.5579784163 -0.5554366363 -0.5554233844 -0.5554099533 -0.5553672134
17.5 -0.9998972141 -0.6249029324 -0.6248708064 -0.5578025613 -0.5554364395 -0.5554233749 -0.5554100362 -0.5553684451
17.6 -0.9998972133 -0.6249029185 -0.6248713194 -0.5576289261 -0.5554362504 -0.5554233654 -0.5554101040 -0.5553693803
17.7 -0.9998972124 -0.6249029050 -0.6248718209 -0.5574575095 -0.5554360691 -0.5554233564 -0.5554101505 -0.5553700014
17.8 -0.9998972116 -0.6249028920 -0.6248723112 -0.5572883223 -0.5554358949 -0.5554233476 -0.5554101680 -0.5553702796
17.9 -0.9998972108 -0.6249028793 -0.6248727906 -0.5571213928 -0.5554357264 -0.5554233391 -0.5554101479 -0.5553701699
18.0 -0.9998972100 -0.6249028671 -0.6248732595 -0.5569567742 -0.5554355633 -0.5554233304 -0.5554100812 -0.5553696033
18.1 -0.9998972092 -0.6249028552 -0.6248737181 -0.5567945568 -0.5554354041 -0.5554233223 -0.5554099593 -0.5553684741
18.2 -0.9998972084 -0.6249028436 -0.6248741666 -0.5566348899 -0.5554352470 -0.5554233141 -0.5554097725 -0.5553666186
18.3 -0.9998972077 -0.6249028325 -0.6248746054 -0.5564780339 -0.5554350907 -0.5554233063 -0.5554095134 -0.5553637777
18.4 -0.9998972069 -0.6249028216 -0.6248750347 -0.5563243643 -0.5554349332 -0.5554232985 -0.5554091754 -0.5553595259
18.5 -0.9998972061 -0.6249028110 -0.6248754546 -0.5561745969 -0.5554347720 -0.5554232911 -0.5554087553 -0.5553531454
18.6 -0.9998972054 -0.6249028007 -0.6248758656 -0.5560299813 -0.5554346048 -0.5554232834 -0.5554082550 -0.5553433627
18.7 -0.9998972047 -0.6249027907 -0.6248762678 -0.5558928402 -0.5554344289 -0.5554232765 -0.5554076827 -0.5553278262
18.8 -0.9998972039 -0.6249027809 -0.6248766614 -0.5557675202 -0.5554342412 -0.5554232693 -0.5554070532 -0.5553021534
18.9 -0.9998972032 -0.6249027714 -0.6248770467 -0.5556613236 -0.5554340399 -0.5554232621 -0.5554063867 -0.5552590013
19.0 -0.9998972025 -0.6249027620 -0.6248774239 -0.5555822522 -0.5554338222 -0.5554232556 -0.5554057078 -0.5551903239
19.1 -0.9998972018 -0.6249027529 -0.6248777932 -0.5555313115 -0.5554335864 -0.5554232489 -0.5554050377 -0.5550950719
19.2 -0.9998972011 -0.6249027440 -0.6248781548 -0.5555008968 -0.5554333317 -0.5554232425 -0.5554043960 -0.5549808104
19.3 -0.9998972004 -0.6249027352 -0.6248785089 -0.5554825979 -0.5554330587 -0.5554232358 -0.5554037949 -0.5548559148
19.4 -0.9998971997 -0.6249027266 -0.6248788557 -0.5554710906 -0.5554327693 -0.5554232299 -0.5554032405 -0.5547256790
19.6 -0.9998971983 -0.6249027098 -0.6248795281 -0.5554582882 -0.5554321596 -0.5554232178 -0.5554022753 -0.5544592450
20.1 -0.9998971950 -0.6249026698 -0.6248810941 -0.5554471834 -0.5554307116 -0.5554231898 -0.5554005322 -0.5537959881
20.2 -0.9998971944 -0.6249026620 -0.6248813889 -0.5554462650 -0.5554304695 -0.5554231841 -0.5554002639 -0.5536659480
20.3 -0.9998971938 -0.6249026543 -0.6248816779 -0.5554455378 -0.5554302476 -0.5554231788 -0.5554000143 -0.5535369797
20.4 -0.9998971932 -0.6249026467 -0.6248819613 -0.5554449555 -0.5554300457 -0.5554231741 -0.5553997805 -0.5534091140
20.5 -0.9998971926 -0.6249026391 -0.6248822392 -0.5554444842 -0.5554298632 -0.5554231681 -0.5553995602 -0.5532823690
20.9 -0.9998971902 -0.6249026093 -0.6248832986 -0.5554432958 -0.5554293046 -0.5554231482 -0.5553987825 -0.5527867106
21.2 -0.9998971886 -0.6249025874 -0.6248840418 -0.5554428117 -0.5554290305 -0.5554231351 -0.5553982759 -0.5524267645
21.3 -0.9998971881 -0.6249025802 -0.6248842804 -0.5554426927 -0.5554289606 -0.5554231308 -0.5553981181 -0.5523089869
21.4 -0.9998971876 -0.6249025730 -0.6248845145 -0.5554425886 -0.5554288996 -0.5554231265 -0.5553979641 -0.5521922931
21.5 -0.9998971871 -0.6249025659 -0.6248847444 -0.5554424966 -0.5554288467 -0.5554231225 -0.5553978145 -0.5520766721
21.6 -0.9998971866 -0.6249025588 -0.6248849700 -0.5554424145 -0.5554288011 -0.5554231184 -0.5553976687 -0.5519621118
21.7 -0.9998971861 -0.6249025518 -0.6248851916 -0.5554423405 -0.5554287620 -0.5554231143 -0.5553975265 -0.5518486000
21.8 -0.9998971856 -0.6249025449 -0.6248854091 -0.5554422730 -0.5554287287 -0.5554231104 -0.5553973878 -0.5517361243
21.9 -0.9998971852 -0.6249025380 -0.6248856228 -0.5554422108 -0.5554287005 -0.5554231067 -0.5553972521 -0.5516242154
22.0 -0.9998971847 -0.6249025311 -0.6248858326 -0.5554421528 -0.5554286769 -0.5554231030 -0.5553971198 -0.5515137743
22.1 -0.9998971843 -0.6249025244 -0.6248860387 -0.5554420981 -0.5554286573 -0.5554230992 -0.5553969904 -0.5514043319
22.2 -0.9998971839 -0.6249025177 -0.6248862411 -0.5554420461 -0.5554286411 -0.5554230959 -0.5553968644 -0.5512958757
22.3 -0.9998971834 -0.6249025110 -0.6248864400 -0.5554419960 -0.5554286280 -0.5554230923 -0.5553967408 -0.5511883930
22.4 -0.9998971831 -0.6249025045 -0.6248866353 -0.5554419475 -0.5554286174 -0.5554230887 -0.5553966200 -0.5510818718
22.5 -0.9998971827 -0.6249024981 -0.6248868272 -0.5554418999 -0.5554286090 -0.5554230855 -0.5553965020 -0.5509763002
22.7 -0.9998971819 -0.6249024854 -0.6248872011 -0.5554418067 -0.5554285972 -0.5554230788 -0.5553962742 -0.5507679558
23.0 -0.9998971809 -0.6249024672 -0.6248877381 -0.5554416676 -0.5554285871 -0.5554230693 -0.5553959522 -0.5504622612
23.2 -0.9998971803 -0.6249024557 -0.6248880810 -0.5554415741 -0.5554285825 -0.5554230642 -0.5553957510 -0.5502628784
23.4 -0.9998971797 -0.6249024446 -0.6248884124 -0.5554414791 -0.5554285775 -0.5554230581 -0.5553955599 -0.5500669228
24.3 -0.9998971776 -0.6249024010 -0.6248897733 -0.5554410351 -0.5554285203 -0.5554230366 -0.5553948245 -0.5492252722
24.8 -0.9998971768 -0.6249023814 -0.6248904470 -0.5554407882 -0.5554284499 -0.5554230260 -0.5553945003 -0.5487847137
24.9 -0.9998971766 -0.6249023779 -0.6248905753 -0.5554407400 -0.5554284320 -0.5554230243 -0.5553944422 -0.5486986475
25.1 -0.9998971764 -0.6249023712 -0.6248908259 -0.5554406454 -0.5554283927 -0.5554230194 -0.5553943325 -0.5485285854
25.3 -0.9998971761 -0.6249023650 -0.6248910687 -0.5554405536 -0.5554283485 -0.5554230194 -0.5553942311 -0.5483612287
25.4 -0.9998971760 -0.6249023621 -0.6248911873 -0.5554405089 -0.5554283246 -0.5554230166 -0.5553941834 -0.5482785447
25.5 -0.9998971759 -0.6249023593 -0.6248913040 -0.5554404651 -0.5554282997 -0.5554230128 -0.5553941378 -0.5481965130
25.6 -0.9998971758 -0.6249023566 -0.6248914190 -0.5554404223 -0.5554282732 -0.5554230131 -0.5553940938 -0.5481151258
25.7 -0.9998971757 -0.6249023540 -0.6248915321 -0.5554403804 -0.5554282465 -0.5554230097 -0.5553940521 -0.5480343768
25.8 -0.9998971756 -0.6249023516 -0.6248916436 -0.5554403396 -0.5554282183 -0.5554230069 -0.5553940121 -0.5479542568
25.9 -0.9998971755 -0.6249023492 -0.6248917533 -0.5554402998 -0.5554281892 -0.5554230090 -0.5553939739 -0.5478747592
26.0 -0.9998971754 -0.6249023470 -0.6248918613 -0.5554402611 -0.5554281591 -0.5554230049 -0.5553939374 -0.5477958767
26.1 -0.9998971753 -0.6249023448 -0.6248919678 -0.5554402235 -0.5554281282 -0.5554230054 -0.5553939027 -0.5477176022
26.2 -0.9998971753 -0.6249023428 -0.6248920726 -0.5554401871 -0.5554280963 -0.5554230012 -0.5553938696 -0.5476399286
26.3 -0.9998971752 -0.6249023408 -0.6248921758 -0.5554401518 -0.5554280636 -0.5554230003 -0.5553938381 -0.5475628490
26.4 -0.9998971751 -0.6249023389 -0.6248922774 -0.5554401177 -0.5554280300 -0.5554229988 -0.5553938081 -0.5474863566
26.5 -0.9998971751 -0.6249023372 -0.6248923776 -0.5554400847 -0.5554279957 -0.5554229991 -0.5553937797 -0.5474104448
26.6 -0.9998971750 -0.6249023355 -0.6248924763 -0.5554400529 -0.5554279607 -0.5554229978 -0.5553937528 -0.5473351069
26.7 -0.9998971750 -0.6249023339 -0.6248925735 -0.5554400222 -0.5554279249 -0.5554229965 -0.5553937273 -0.5472603365
26.8 -0.9998971749 -0.6249023324 -0.6248926693 -0.5554399928 -0.5554278885 -0.5554229969 -0.5553937032 -0.5471861271
26.9 -0.9998971749 -0.6249023309 -0.6248927637 -0.5554399645 -0.5554278514 -0.5554229942 -0.5553936805 -0.5471124723
27.0 -0.9998971748 -0.6249023295 -0.6248928566 -0.5554399374 -0.5554278137 -0.5554229938 -0.5553936590 -0.5470393659
27.1 -0.9998971748 -0.6249023282 -0.6248929482 -0.5554399114 -0.5554277754 -0.5554229919 -0.5553936388 -0.5469668020
27.2 -0.9998971748 -0.6249023270 -0.6248930385 -0.5554398865 -0.5554277365 -0.5554229901 -0.5553936198 -0.5468947744
27.3 -0.9998971747 -0.6249023258 -0.6248931275 -0.5554398628 -0.5554276971 -0.5554229901 -0.5553936019 -0.5468232774
27.4 -0.9998971747 -0.6249023247 -0.6248932152 -0.5554398401 -0.5554276571 -0.5554229894 -0.5553935852 -0.5467523048
27.5 -0.9998971747 -0.6249023237 -0.6248933017 -0.5554398185 -0.5554276166 -0.5554229883 -0.5553935696 -0.5466818509
27.6 -0.9998971746 -0.6249023227 -0.6248933868 -0.5554397980 -0.5554275757 -0.5554229868 -0.5553935550 -0.5466119100
27.7 -0.9998971746 -0.6249023218 -0.6248934708 -0.5554397785 -0.5554275342 -0.5554229870 -0.5553935414 -0.5465424646
27.8 -0.9998971746 -0.6249023210 -0.6248935536 -0.5554397600 -0.5554274923 -0.5554229860 -0.5553935287 -0.5464735332
27.9 -0.9998971746 -0.6249023202 -0.6248936352 -0.5554397425 -0.5554274500 -0.5554229840 -0.5553935170 -0.5464050983
28.0 -0.9998971746 -0.6249023194 -0.6248937157 -0.5554397260 -0.5554274072 -0.5554229835 -0.5553935061 -0.5463371546
28.1 -0.9998971746 -0.6249023187 -0.6248937950 -0.5554397104 -0.5554273640 -0.5554229836 -0.5553934961 -0.5462696967
28.2 -0.9998971745 -0.6249023180 -0.6248938732 -0.5554396958 -0.5554273204 -0.5554229821 -0.5553934868 -0.5462027194
28.3 -0.9998971745 -0.6249023174 -0.6248939503 -0.5554396820 -0.5554272764 -0.5554229822 -0.5553934784 -0.5461362178
28.4 -0.9998971745 -0.6249023169 -0.6248940263 -0.5554396691 -0.5554272321 -0.5554229817 -0.5553934706 -0.5460701866
28.5 -0.9998971745 -0.6249023163 -0.6248941013 -0.5554396571 -0.5554271873 -0.5554229800 -0.5553934635 -0.5460046207
28.6 -0.9998971745 -0.6249023158 -0.6248941752 -0.5554396459 -0.5554271423 -0.5554229802 -0.5553934571 -0.5459395154
28.7 -0.9998971745 -0.6249023154 -0.6248942482 -0.5554396355 -0.5554270968 -0.5554229787 -0.5553934513 -0.5458748660
28.8 -0.9998971745 -0.6249023150 -0.6248943201 -0.5554396259 -0.5554270511 -0.5554229790 -0.5553934461 -0.5458106674
28.9 -0.9998971745 -0.6249023146 -0.6248943910 -0.5554396170 -0.5554270050 -0.5554229784 -0.5553934414 -0.5457469150
29.0 -0.9998971745 -0.6249023142 -0.6248944610 -0.5554396088 -0.5554269587 -0.5554229773 -0.5553934372 -0.5456836041
29.1 -0.9998971745 -0.6249023139 -0.6248945300 -0.5554396014 -0.5554269120 -0.5554229772 -0.5553934335 -0.5456207302
29.2 -0.9998971745 -0.6249023136 -0.6248945980 -0.5554395946 -0.5554268651 -0.5554229764 -0.5553934303 -0.5455582887
29.3 -0.9998971745 -0.6249023133 -0.6248946652 -0.5554395886 -0.5554268179 -0.5554229762 -0.5553934274 -0.5454962751
29.4 -0.9998971745 -0.6249023131 -0.6248947314 -0.5554395831 -0.5554267705 -0.5554229762 -0.5553934250 -0.5454346851
29.5 -0.9998971745 -0.6249023129 -0.6248947967 -0.5554395778 -0.5554267228 -0.5554229755 -0.5553934229 -0.5453735147
29.6 -0.9998971745 -0.6249023127 -0.6248948612 -0.5554395741 -0.5554266749 -0.5554229745 -0.5553934211 -0.5453127590
29.7 -0.9998971745 -0.6249023125 -0.6248949248 -0.5554395699 -0.5554266269 -0.5554229741 -0.5553934196 -0.5452524140
29.8 -0.9998971745 -0.6249023123 -0.6248949876 -0.5554395672 -0.5554265786 -0.5554229742 -0.5553934183 -0.5451924753
29.9 -0.9998971745 -0.6249023121 -0.6248950495 -0.5554395647 -0.5554265302 -0.5554229738 -0.5553934173 -0.5451329393
30.0 -0.9998971745 -0.6249023120 -0.6248951105 -0.5554395626 -0.5554264816 -0.5554229733 -0.5553934165 -0.5450738019
30.1 -0.9998971745 -0.6249023119 -0.6248951708 -0.5554395610 -0.5554264329 -0.5554229733 -0.5553934159 -0.5450150588
30.2 -0.9998971745 -0.6249023118 -0.6248952304 -0.5554395599 -0.5554263841 -0.5554229727 -0.5553934154 -0.5449567062
30.3 -0.9998971745 -0.6249023117 -0.6248952891 -0.5554395593 -0.5554263351 -0.5554229726 -0.5553934151 -0.5448987402
30.4 -0.9998971745 -0.6249023116 -0.6248953470 -0.5554395591 -0.5554262861 -0.5554229717 -0.5553934148 -0.5448411570
30.5 -0.9998971745 -0.6249023115 -0.6248954042 -0.5554395593 -0.5554262371 -0.5554229717 -0.5553934146 -0.5447839531
30.6 -0.9998971744 -0.6249023114 -0.6248954607 -0.5554395598 -0.5554261881 -0.5554229712 -0.5553934145 -0.5447271240
30.7 -0.9998971744 -0.6249023113 -0.6248955164 -0.5554395609 -0.5554261390 -0.5554229713 -0.5553934144 -0.5446706663
30.8 -0.9998971744 -0.6249023113 -0.6248955714 -0.5554395621 -0.5554260899 -0.5554229711 -0.5553934142 -0.5446145767
30.9 -0.9998971744 -0.6249023112 -0.6248956257 -0.5554395639 -0.5554260409 -0.5554229705 -0.5553934141 -0.5445588514
31.0 -0.9998971744 -0.6249023111 -0.6248956793 -0.5554395659 -0.5554259919 -0.5554229702 -0.5553934139 -0.5445034868
31.1 -0.9998971744 -0.6249023111 -0.6248957322 -0.5554395682 -0.5554259430 -0.5554229701 -0.5553934136 -0.5444484794
31.2 -0.9998971744 -0.6249023110 -0.6248957844 -0.5554395708 -0.5554258942 -0.5554229701 -0.5553934133 -0.5443938259
31.3 -0.9998971744 -0.6249023109 -0.6248958360 -0.5554395737 -0.5554258455 -0.5554229698 -0.5553934128 -0.5443395228
31.4 -0.9998971744 -0.6249023109 -0.6248958869 -0.5554395768 -0.5554257970 -0.5554229697 -0.5553934121 -0.5442855667
31.5 -0.9998971744 -0.6249023108 -0.6248959372 -0.5554395802 -0.5554257487 -0.5554229693 -0.5553934113 -0.5442319543
31.6 -0.9998971744 -0.6249023107 -0.6248959868 -0.5554395838 -0.5554257005 -0.5554229694 -0.5553934105 -0.5441786823
31.7 -0.9998971744 -0.6249023106 -0.6248960358 -0.5554395875 -0.5554256525 -0.5554229690 -0.5553934093 -0.5441257474
31.8 -0.9998971744 -0.6249023105 -0.6248960842 -0.5554395915 -0.5554256048 -0.5554229686 -0.5553934082 -0.5440731465
31.9 -0.9998971744 -0.6249023104 -0.6248961320 -0.5554395956 -0.5554255573 -0.5554229686 -0.5553934067 -0.5440208765
32.0 -0.9998971744 -0.6249023103 -0.6248961791 -0.5554395999 -0.5554255101 -0.5554229686 -0.5553934049 -0.5439689340
32.1 -0.9998971743 -0.6249023102 -0.6248962258 -0.5554396043 -0.5554254632 -0.5554229681 -0.5553934029 -0.5439173163
32.2 -0.9998971743 -0.6249023100 -0.6248962718 -0.5554396088 -0.5554254166 -0.5554229683 -0.5553934007 -0.5438660201
32.3 -0.9998971743 -0.6249023099 -0.6248963172 -0.5554396134 -0.5554253703 -0.5554229679 -0.5553933981 -0.5438150425
32.4 -0.9998971743 -0.6249023097 -0.6248963621 -0.5554396181 -0.5554253244 -0.5554229678 -0.5553933952 -0.5437643805
32.5 -0.9998971743 -0.6249023096 -0.6248964065 -0.5554396231 -0.5554252788 -0.5554229675 -0.5553933921 -0.5437140312
32.6 -0.9998971743 -0.6249023093 -0.6248964503 -0.5554396279 -0.5554252337 -0.5554229676 -0.5553933886 -0.5436639917
32.7 -0.9998971742 -0.6249023092 -0.6248964935 -0.5554396328 -0.5554251889 -0.5554229675 -0.5553933848 -0.5436142590
32.8 -0.9998971742 -0.6249023090 -0.6248965363 -0.5554396377 -0.5554251446 -0.5554229671 -0.5553933807 -0.5435648472
32.9 -0.9998971742 -0.6249023087 -0.6248965785 -0.5554396426 -0.5554251006 -0.5554229671 -0.5553933762 -0.5435157202
33.0 -0.9998971742 -0.6249023085 -0.6248966202 -0.5554396476 -0.5554250572 -0.5554229670 -0.5553933714 -0.5434668915
33.1 -0.9998971742 -0.6249023082 -0.6248966614 -0.5554396525 -0.5554250142 -0.5554229669 -0.5553933662 -0.5434183586
33.2 -0.9998971741 -0.6249023080 -0.6248967020 -0.5554396574 -0.5554249716 -0.5554229668 -0.5553933608 -0.5433701192
33.3 -0.9998971741 -0.6249023077 -0.6248967423 -0.5554396622 -0.5554249296 -0.5554229666 -0.5553933548 -0.5433221699
33.4 -0.9998971741 -0.6249023074 -0.6248967820 -0.5554396670 -0.5554248881 -0.5554229666 -0.5553933486 -0.5432745091
33.5 -0.9998971741 -0.6249023070 -0.6248968212 -0.5554396716 -0.5554248471 -0.5554229663 -0.5553933419 -0.5432271333
33.6 -0.9998971740 -0.6249023067 -0.6248968601 -0.5554396763 -0.5554248065 -0.5554229663 -0.5553933348 -0.5431800402
33.7 -0.9998971740 -0.6249023063 -0.6248968984 -0.5554396809 -0.5554247666 -0.5554229663 -0.5553933274 -0.5431332274
33.8 -0.9998971740 -0.6249023059 -0.6248969362 -0.5554396853 -0.5554247271 -0.5554229660 -0.5553933195 -0.5430866921
33.9 -0.9998971739 -0.6249023056 -0.6248969737 -0.5554396896 -0.5554246882 -0.5554229661 -0.5553933113 -0.5430404322
34.0 -0.9998971739 -0.6249023051 -0.6248970106 -0.5554396938 -0.5554246498 -0.5554229661 -0.5553933026 -0.5429944452
34.1 -0.9998971739 -0.6249023047 -0.6248970472 -0.5554396978 -0.5554246121 -0.5554229656 -0.5553932936 -0.5429487284
34.2 -0.9998971739 -0.6249023043 -0.6248970833 -0.5554397017 -0.5554245749 -0.5554229659 -0.5553932842 -0.5429032797
34.3 -0.9998971738 -0.6249023038 -0.6248971191 -0.5554397054 -0.5554245382 -0.5554229655 -0.5553932744 -0.5428580966
34.4 -0.9998971738 -0.6249023033 -0.6248971543 -0.5554397089 -0.5554245022 -0.5554229658 -0.5553932642 -0.5428131764
34.5 -0.9998971737 -0.6249023028 -0.6248971892 -0.5554397123 -0.5554244667 -0.5554229654 -0.5553932536 -0.5427685182
34.6 -0.9998971737 -0.6249023023 -0.6248972237 -0.5554397155 -0.5554244317 -0.5554229661 -0.5553932427 -0.5427241184
34.7 -0.9998971737 -0.6249023017 -0.6248972578 -0.5554397184 -0.5554243974 -0.5554229656 -0.5553932313 -0.5426799750
34.8 -0.9998971736 -0.6249023011 -0.6248972914 -0.5554397212 -0.5554243636 -0.5554229652 -0.5553932196 -0.5426360859
34.9 -0.9998971736 -0.6249023006 -0.6248973247 -0.5554397237 -0.5554243305 -0.5554229654 -0.5553932075 -0.5425924488
35.0 -0.9998971736 -0.6249023000 -0.6248973577 -0.5554397260 -0.5554242979 -0.5554229651 -0.5553931950 -0.5425490617
35.1 -0.9998971735 -0.6249022994 -0.6248973902 -0.5554397282 -0.5554242659 -0.5554229653 -0.5553931822 -0.5425059226
35.2 -0.9998971735 -0.6249022987 -0.6248974224 -0.5554397300 -0.5554242344 -0.5554229651 -0.5553931690 -0.5424630285
35.3 -0.9998971734 -0.6249022981 -0.6248974541 -0.5554397316 -0.5554242036 -0.5554229648 -0.5553931555 -0.5424203787
35.4 -0.9998971734 -0.6249022974 -0.6248974856 -0.5554397330 -0.5554241733 -0.5554229649 -0.5553931417 -0.5423779701
35.5 -0.9998971733 -0.6249022967 -0.6248975167 -0.5554397341 -0.5554241436 -0.5554229649 -0.5553931275 -0.5423358012
35.6 -0.9998971733 -0.6249022960 -0.6248975474 -0.5554397349 -0.5554241145 -0.5554229648 -0.5553931130 -0.5422938693
35.7 -0.9998971733 -0.6249022953 -0.6248975778 -0.5554397355 -0.5554240860 -0.5554229647 -0.5553930981 -0.5422521733
35.8 -0.9998971732 -0.6249022946 -0.6248976079 -0.5554397358 -0.5554240578 -0.5554229647 -0.5553930830 -0.5422107102
35.9 -0.9998971732 -0.6249022939 -0.6248976376 -0.5554397359 -0.5554240306 -0.5554229647 -0.5553930676 -0.5421694789
36.0 -0.9998971731 -0.6249022931 -0.6248976670 -0.5554397356 -0.5554240037 -0.5554229644 -0.5553930519 -0.5421284773
36.1 -0.9998971731 -0.6249022923 -0.6248976961 -0.5554397351 -0.5554239774 -0.5554229646 -0.5553930359 -0.5420877031
36.2 -0.9998971730 -0.6249022916 -0.6248977248 -0.5554397343 -0.5554239516 -0.5554229645 -0.5553930197 -0.5420471547
36.3 -0.9998971730 -0.6249022908 -0.6248977532 -0.5554397332 -0.5554239264 -0.5554229645 -0.5553930032 -0.5420068302
36.4 -0.9998971729 -0.6249022900 -0.6248977813 -0.5554397319 -0.5554239017 -0.5554229644 -0.5553929864 -0.5419667276
36.5 -0.9998971729 -0.6249022892 -0.6248978091 -0.5554397302 -0.5554238776 -0.5554229643 -0.5553929694 -0.5419268453
36.6 -0.9998971728 -0.6249022883 -0.6248978366 -0.5554397283 -0.5554238539 -0.5554229644 -0.5553929522 -0.5418871813
36.7 -0.9998971728 -0.6249022875 -0.6248978638 -0.5554397261 -0.5554238308 -0.5554229642 -0.5553929348 -0.5418477340
36.8 -0.9998971727 -0.6249022867 -0.6248978907 -0.5554397236 -0.5554238082 -0.5554229641 -0.5553929172 -0.5418085013
36.9 -0.9998971727 -0.6249022858 -0.6248979174 -0.5554397208 -0.5554237861 -0.5554229640 -0.5553928994 -0.5417694818
37.0 -0.9998971726 -0.6249022849 -0.6248979437 -0.5554397177 -0.5554237645 -0.5554229641 -0.5553928815 -0.5417306736
37.1 -0.9998971726 -0.6249022841 -0.6248979697 -0.5554397143 -0.5554237434 -0.5554229641 -0.5553928633 -0.5416920750
37.2 -0.9998971725 -0.6249022832 -0.6248979955 -0.5554397107 -0.5554237228 -0.5554229640 -0.5553928450 -0.5416536844
37.3 -0.9998971725 -0.6249022823 -0.6248980210 -0.5554397067 -0.5554237026 -0.5554229640 -0.5553928266 -0.5416154999
37.4 -0.9998971725 -0.6249022814 -0.6248980462 -0.5554397025 -0.5554236829 -0.5554229639 -0.5553928081 -0.5415775200
37.5 -0.9998971724 -0.6249022805 -0.6248980711 -0.5554396980 -0.5554236637 -0.5554229639 -0.5553927894 -0.5415397431
37.6 -0.9998971724 -0.6249022796 -0.6248980958 -0.5554396932 -0.5554236449 -0.5554229639 -0.5553927706 -0.5415021675
37.7 -0.9998971723 -0.6249022787 -0.6248981202 -0.5554396882 -0.5554236266 -0.5554229637 -0.5553927518 -0.5414647919
37.8 -0.9998971723 -0.6249022778 -0.6248981444 -0.5554396828 -0.5554236087 -0.5554229637 -0.5553927328 -0.5414276141
37.9 -0.9998971722 -0.6249022769 -0.6248981683 -0.5554396772 -0.5554235912 -0.5554229637 -0.5553927138 -0.5413906329
38.0 -0.9998971722 -0.6249022760 -0.6248981919 -0.5554396714 -0.5554235741 -0.5554229637 -0.5553926948 -0.5413538466
38.1 -0.9998971721 -0.6249022751 -0.6248982153 -0.5554396652 -0.5554235575 -0.5554229636 -0.5553926756 -0.5413172538
38.2 -0.9998971721 -0.6249022742 -0.6248982385 -0.5554396588 -0.5554235413 -0.5554229637 -0.5553926565 -0.5412808529
38.3 -0.9998971720 -0.6249022732 -0.6248982614 -0.5554396522 -0.5554235254 -0.5554229636 -0.5553926373 -0.5412446425
38.4 -0.9998971720 -0.6249022723 -0.6248982841 -0.5554396453 -0.5554235100 -0.5554229635 -0.5553926181 -0.5412086209
38.5 -0.9998971719 -0.6249022714 -0.6248983065 -0.5554396382 -0.5554234949 -0.5554229636 -0.5553925990 -0.5411727869
38.6 -0.9998971719 -0.6249022705 -0.6248983287 -0.5554396308 -0.5554234803 -0.5554229634 -0.5553925798 -0.5411371387
38.7 -0.9998971718 -0.6249022696 -0.6248983507 -0.5554396232 -0.5554234659 -0.5554229634 -0.5553925607 -0.5411016752
38.8 -0.9998971718 -0.6249022686 -0.6248983725 -0.5554396153 -0.5554234520 -0.5554229634 -0.5553925416 -0.5410663947
38.9 -0.9998971717 -0.6249022677 -0.6248983940 -0.5554396073 -0.5554234384 -0.5554229634 -0.5553925225 -0.5410312959
39.0 -0.9998971717 -0.6249022668 -0.6248984153 -0.5554395991 -0.5554234251 -0.5554229632 -0.5553925035 -0.5409963774
39.1 -0.9998971716 -0.6249022659 -0.6248984364 -0.5554395915 -0.5554234123 -0.5554229633 -0.5553924845 -0.5409616379
39.2 -0.9998971716 -0.6249022650 -0.6248984573 -0.5554395814 -0.5554233996 -0.5554229633 -0.5553924656 -0.5409270758
39.3 -0.9998971715 -0.6249022641 -0.6248984779 -0.5554395727 -0.5554233874 -0.5554229632 -0.5553924469 -0.5408926900
39.4 -0.9998971715 -0.6249022632 -0.6248984984 -0.5554395638 -0.5554233754 -0.5554229632 -0.5553924282 -0.5408584789
39.5 -0.9998971715 -0.6249022623 -0.6248985186 -0.5554395544 -0.5554233638 -0.5554229632 -0.5553924096 -0.5408244414
39.6 -0.9998971714 -0.6249022614 -0.6248985387 -0.5554395448 -0.5554233525 -0.5554229631 -0.5553923911 -0.5407905760
39.7 -0.9998971714 -0.6249022605 -0.6248985585 -0.5554395351 -0.5554233414 -0.5554229631 -0.5553923727 -0.5407568815
39.8 -0.9998971713 -0.6249022596 -0.6248985782 -0.5554395253 -0.5554233307 -0.5554229631 -0.5553923545 -0.5407233566
39.9 -0.9998971713 -0.6249022588 -0.6248985976 -0.5554395153 -0.5554233202 -0.5554229630 -0.5553923363 -0.5406899999
40.0 -0.9998971712 -0.6249022579 -0.6248986169 -0.5554395051 -0.5554233100 -0.5554229630 -0.5553923184 -0.5406568104
40.1 -0.9998971712 -0.6249022570 -0.6248986360 -0.5554394948 -0.5554233001 -0.5554229630 -0.5553923006 -0.5406237866
40.2 -0.9998971712 -0.6249022562 -0.6248986548 -0.5554394842 -0.5554232905 -0.5554229631 -0.5553922829 -0.5405909273
40.3 -0.9998971711 -0.6249022553 -0.6248986735 -0.5554394735 -0.5554232811 -0.5554229630 -0.5553922654 -0.5405582314
40.4 -0.9998971711 -0.6249022545 -0.6248986920 -0.5554394627 -0.5554232719 -0.5554229630 -0.5553922481 -0.5405256976
40.5 -0.9998971710 -0.6249022537 -0.6248987103 -0.5554394519 -0.5554232630 -0.5554229630 -0.5553922310 -0.5404933246
40.6 -0.9998971710 -0.6249022528 -0.6248987285 -0.5554394408 -0.5554232544 -0.5554229629 -0.5553922140 -0.5404611114
40.7 -0.9998971710 -0.6249022520 -0.6248987464 -0.5554394296 -0.5554232460 -0.5554229629 -0.5553921973 -0.5404290567
40.8 -0.9998971709 -0.6249022512 -0.6248987642 -0.5554394183 -0.5554232378 -0.5554229629 -0.5553921807 -0.5403971594
40.9 -0.9998971709 -0.6249022504 -0.6248987818 -0.5554394069 -0.5554232298 -0.5554229628 -0.5553921644 -0.5403654182
41.0 -0.9998971709 -0.6249022497 -0.6248987993 -0.5554393953 -0.5554232220 -0.5554229629 -0.5553921482 -0.5403338321
41.1 -0.9998971708 -0.6249022489 -0.6248988166 -0.5554393838 -0.5554232145 -0.5554229630 -0.5553921323 -0.5403024000
41.2 -0.9998971708 -0.6249022481 -0.6248988337 -0.5554393721 -0.5554232072 -0.5554229630 -0.5553921166 -0.5402711206
41.3 -0.9998971708 -0.6249022474 -0.6248988506 -0.5554393603 -0.5554232000 -0.5554229629 -0.5553921011 -0.5402399929
41.4 -0.9998971707 -0.6249022466 -0.6248988674 -0.5554393485 -0.5554231931 -0.5554229629 -0.5553920857 -0.5402090156
41.5 -0.9998971706 -0.6249022458 -0.6248988840 -0.5554393365 -0.5554231864 -0.5554229627 -0.5553920707 -0.5401781882
41.6 -0.9998971706 -0.6249022452 -0.6248989005 -0.5554393246 -0.5554231798 -0.5554229628 -0.5553920558 -0.5401475090
41.7 -0.9998971706 -0.6249022444 -0.6248989168 -0.5554393125 -0.5554231734 -0.5554229628 -0.5553920413 -0.5401169771
41.8 -0.9998971706 -0.6249022438 -0.6248989329 -0.5554393004 -0.5554231672 -0.5554229627 -0.5553920269 -0.5400865913
41.9 -0.9998971705 -0.6249022431 -0.6248989489 -0.5554392882 -0.5554231612 -0.5554229628 -0.5553920130 -0.5400563511
42.0 -0.9998971705 -0.6249022424 -0.6248989648 -0.5554392761 -0.5554231554 -0.5554229627 -0.5553919990 -0.5400262548
42.1 -0.9998971705 -0.6249022418 -0.6248989804 -0.5554392638 -0.5554231497 -0.5554229626 -0.5553919854 -0.5399963018
42.2 -0.9998971704 -0.6249022411 -0.6248989960 -0.5554392515 -0.5554231442 -0.5554229626 -0.5553919721 -0.5399664910
42.3 -0.9998971704 -0.6249022405 -0.6248990114 -0.5554392392 -0.5554231388 -0.5554229626 -0.5553919590 -0.5399368213
42.4 -0.9998971704 -0.6249022399 -0.6248990266 -0.5554392269 -0.5554231336 -0.5554229627 -0.5553919462 -0.5399072917
42.5 -0.9998971704 -0.6249022392 -0.6248990417 -0.5554392146 -0.5554231285 -0.5554229626 -0.5553919336 -0.5398779013
42.6 -0.9998971703 -0.6249022386 -0.6248990567 -0.5554392022 -0.5554231236 -0.5554229627 -0.5553919213 -0.5398486490
42.7 -0.9998971703 -0.6249022381 -0.6248990715 -0.5554391899 -0.5554231188 -0.5554229626 -0.5553919093 -0.5398195338
42.8 -0.9998971703 -0.6249022375 -0.6248990862 -0.5554391775 -0.5554231142 -0.5554229625 -0.5553918975 -0.5397905551
42.9 -0.9998971703 -0.6249022369 -0.6248991008 -0.5554391652 -0.5554231097 -0.5554229625 -0.5553918858 -0.5397617116
43.0 -0.9998971702 -0.6249022364 -0.6248991152 -0.5554391529 -0.5554231053 -0.5554229625 -0.5553918746 -0.5397330023
43.1 -0.9998971702 -0.6249022358 -0.6248991295 -0.5554391405 -0.5554231011 -0.5554229625 -0.5553918636 -0.5397044264
43.2 -0.9998971702 -0.6249022353 -0.6248991436 -0.5554391282 -0.5554230969 -0.5554229625 -0.5553918532 -0.5396759828
43.3 -0.9998971702 -0.6249022348 -0.6248991576 -0.5554391159 -0.5554230930 -0.5554229626 -0.5553918427 -0.5396476709
43.4 -0.9998971702 -0.6249022343 -0.6248991715 -0.5554391036 -0.5554230891 -0.5554229624 -0.5553918324 -0.5396194896
43.5 -0.9998971701 -0.6249022338 -0.6248991853 -0.5554390913 -0.5554230853 -0.5554229624 -0.5553918225 -0.5395914380
43.6 -0.9998971701 -0.6249022333 -0.6248991989 -0.5554390792 -0.5554230816 -0.5554229625 -0.5553918128 -0.5395635153
43.7 -0.9998971701 -0.6249022329 -0.6248992125 -0.5554390670 -0.5554230781 -0.5554229624 -0.5553918033 -0.5395357204
43.8 -0.9998971701 -0.6249022324 -0.6248992259 -0.5554390549 -0.5554230746 -0.5554229625 -0.5553917941 -0.5395080527
43.9 -0.9998971701 -0.6249022320 -0.6248992391 -0.5554390428 -0.5554230713 -0.5554229624 -0.5553917852 -0.5394805111
44.0 -0.9998971700 -0.6249022315 -0.6248992523 -0.5554390307 -0.5554230681 -0.5554229624 -0.5553917765 -0.5394530951
44.1 -0.9998971700 -0.6249022311 -0.6248992653 -0.5554390188 -0.5554230649 -0.5554229624 -0.5553917681 -0.5394258030
44.2 -0.9998971700 -0.6249022307 -0.6248992782 -0.5554390068 -0.5554230619 -0.5554229624 -0.5553917599 -0.5393986352
44.3 -0.9998971700 -0.6249022303 -0.6248992911 -0.5554389950 -0.5554230589 -0.5554229623 -0.5553917520 -0.5393715899
44.4 -0.9998971700 -0.6249022299 -0.6248993037 -0.5554389832 -0.5554230561 -0.5554229624 -0.5553917443 -0.5393446664
44.5 -0.9998971700 -0.6249022296 -0.6248993163 -0.5554389715 -0.5554230533 -0.5554229624 -0.5553917368 -0.5393178642
44.6 -0.9998971699 -0.6249022292 -0.6248993288 -0.5554389598 -0.5554230506 -0.5554229623 -0.5553917296 -0.5392911823
44.7 -0.9998971699 -0.6249022289 -0.6248993411 -0.5554389482 -0.5554230480 -0.5554229623 -0.5553917227 -0.5392646200
44.8 -0.9998971699 -0.6249022285 -0.6248993534 -0.5554389367 -0.5554230455 -0.5554229623 -0.5553917159 -0.5392381762
44.9 -0.9998971699 -0.6249022282 -0.6248993655 -0.5554389252 -0.5554230430 -0.5554229624 -0.5553917094 -0.5392118505
45.0 -0.9998971699 -0.6249022279 -0.6248993775 -0.5554389139 -0.5554230406 -0.5554229623 -0.5553917032 -0.5391856419
45.1 -0.9998971699 -0.6249022276 -0.6248993895 -0.5554389026 -0.5554230383 -0.5554229623 -0.5553916971 -0.5391595496
45.2 -0.9998971699 -0.6249022273 -0.6248994013 -0.5554388914 -0.5554230361 -0.5554229623 -0.5553916913 -0.5391335727
45.3 -0.9998971699 -0.6249022270 -0.6248994130 -0.5554388803 -0.5554230339 -0.5554229623 -0.5553916857 -0.5391077108
45.4 -0.9998971698 -0.6249022267 -0.6248994246 -0.5554388693 -0.5554230318 -0.5554229622 -0.5553916803 -0.5390819629
45.5 -0.9998971698 -0.6249022265 -0.6248994361 -0.5554388583 -0.5554230298 -0.5554229623 -0.5553916752 -0.5390563287
45.6 -0.9998971698 -0.6249022262 -0.6248994475 -0.5554388475 -0.5554230278 -0.5554229622 -0.5553916702 -0.5390308067
45.7 -0.9998971698 -0.6249022260 -0.6248994588 -0.5554388368 -0.5554230259 -0.5554229623 -0.5553916654 -0.5390053965
45.8 -0.9998971698 -0.6249022258 -0.6248994700 -0.5554388261 -0.5554230241 -0.5554229623 -0.5553916609 -0.5389800970
45.9 -0.9998971698 -0.6249022256 -0.6248994812 -0.5554388156 -0.5554230223 -0.5554229622 -0.5553916566 -0.5389549082
46.0 -0.9998971698 -0.6249022253 -0.6248994922 -0.5554388051 -0.5554230206 -0.5554229622 -0.5553916524 -0.5389298290
46.1 -0.9998971698 -0.6249022251 -0.6248995031 -0.5554387948 -0.5554230189 -0.5554229622 -0.5553916484 -0.5389048586
46.2 -0.9998971698 -0.6249022249 -0.6248995139 -0.5554387846 -0.5554230173 -0.5554229622 -0.5553916447 -0.5388799970
46.3 -0.9998971698 -0.6249022248 -0.6248995246 -0.5554387744 -0.5554230158 -0.5554229622 -0.5553916411 -0.5388552426
46.4 -0.9998971698 -0.6249022246 -0.6248995353 -0.5554387644 -0.5554230142 -0.5554229622 -0.5553916377 -0.5388305949
46.5 -0.9998971697 -0.6249022244 -0.6248995459 -0.5554387545 -0.5554230128 -0.5554229622 -0.5553916344 -0.5388060531
46.6 -0.9998971697 -0.6249022243 -0.6248995563 -0.5554387447 -0.5554230113 -0.5554229622 -0.5553916314 -0.5387816170
46.7 -0.9998971697 -0.6249022241 -0.6248995667 -0.5554387350 -0.5554230100 -0.5554229622 -0.5553916284 -0.5387572851
46.8 -0.9998971697 -0.6249022240 -0.6248995770 -0.5554387254 -0.5554230087 -0.5554229621 -0.5553916257 -0.5387330581
46.9 -0.9998971697 -0.6249022238 -0.6248995872 -0.5554387159 -0.5554230074 -0.5554229621 -0.5553916228 -0.5387089342
47.0 -0.9998971697 -0.6249022237 -0.6248995972 -0.5554387066 -0.5554230061 -0.5554229621 -0.5553916202 -0.5386849129
47.6 -0.9998971697 -0.6249022230 -0.6248996561 -0.5554386526 -0.5554229994 -0.5554229626 -0.5553916093 -0.5385429074
47.7 -0.9998971697 -0.6249022230 -0.6248996656 -0.5554386440 -0.5554229984 -0.5554229639 -0.5553916079 -0.5385195873
47.8 -0.9998971697 -0.6249022229 -0.6248996751 -0.5554386356 -0.5554229975 -0.5554229623 -0.5553916065 -0.5384963650
47.9 -0.9998971697 -0.6249022228 -0.6248996845 -0.5554386273 -0.5554229966 -0.5554229653 -0.5553916053 -0.5384732398
48.0 -0.9998971697 -0.6249022227 -0.6248996938 -0.5554386191 -0.5554229957 -0.5554229662 -0.5553916042 -0.5384502110
48.1 -0.9998971697 -0.6249022227 -0.6248997030 -0.5554386111 -0.5554229949 -0.5554229641 -0.5553916033 -0.5384272779
48.2 -0.9998971697 -0.6249022227 -0.6248997122 -0.5554386029 -0.5554229941 -0.5554229664 -0.5553916024 -0.5384044400
48.6 -0.9998971697 -0.6249022225 -0.6248997479 -0.5554385720 -0.5554229911 -0.5554229619 -0.5553915999 -0.5383140296
48.7 -0.9998971697 -0.6249022224 -0.6248997567 -0.5554385650 -0.5554229903 -0.5554229627 -0.5553915993 -0.5382916592
48.8 -0.9998971697 -0.6249022224 -0.6248997654 -0.5554385577 -0.5554229897 -0.5554229621 -0.5553915991 -0.5382693808
48.9 -0.9998971697 -0.6249022224 -0.6248997741 -0.5554385505 -0.5554229891 -0.5554229623 -0.5553915989 -0.5382471934
49.9 -0.9998971697 -0.6249022223 -0.6248998566 -0.5554384848 -0.5554229836 -0.5554229623 -0.5553915998 -0.5380302142
50.0 -0.9998971697 -0.6249022224 -0.6248998646 -0.5554384788 -0.5554229832 -0.5554229622 -0.5553916002 -0.5380089933
50.1 -0.9998971697 -0.6249022224 -0.6248998724 -0.5554384729 -0.5554229828 -0.5554229621 -0.5553916006 -0.5379878584
50.4 -0.9998971697 -0.6249022224 -0.6248998956 -0.5554384558 -0.5554229816 -0.5554229631 -0.5553916021 -0.5379249559
50.5 -0.9998971697 -0.6249022225 -0.6248999031 -0.5554384504 -0.5554229812 -0.5554229622 -0.5553916026 -0.5379041545
